9586
5544
9123
3741
1594
4328
9908
1524
6154
2905
4630
1634
1387
5623
4202
1476
4354
3564
5753
9105
2430
7224
3136
8139
3585
4361
6334
7735
5171
3023
1643
4862
7519
1572
9291
6892
7918
5464
6844
1584
2153
9183
8470
8173
7731
5878
7295
5136
5561
1184
5045
4782
4987
1646
1482
8420
2917
3060
2259
3898
5179
2539
9551
4842
6983
3169
5329
5815
4439
9968
1253
6162
2262
7276
6517
5139
4146
9345
3905
7259
8330
3962
4861
1045
4494
6034
8081
3347
3702
8431
3424
9144
7872
8375
5751
5788
8328
4473
4721
8127
2320
3854
6377
4489
7607
1050
3142
8325
3266
2440
3027
3983
6967
5985
9647
5912
7448
4681
6014
4733
4786
3758
4733
3798
7950
1541
2755
9655
9888
2203
2245
6318
6497
7046
4305
3969
5015
7360
4863
4949
3966
7385
1265
9336
6958
8928
8401
3632
2982
4462
9102
3714
6937
8427
3093
2483
7125
3306
3824
7660
2994
5451
6868
9973
4389
9783
1738
2396
7088
3980
3020
5018
2980
9698
3879
5989
5981
9784
2262
5358
1728
9876
3400
7156
2458
5052
2966
5385
9453
3744
7948
5912
9924
5205
5595
5499
3365
6306
4023
3524