27675614
27040084
27348464
27452266
27608047
27072349
27861382
27773069
27527175
27306798
27654821
27076412
27956446
27102953
27668825
27032207
27896637
27746844
27153554
27222379
27888236
27579600
27448379
27431703
27315462
27530757
27235509
27512211
27685437
27589390
27309745
27719679
27525855
27335599
27697677
27063752
27718152
27397089
27976657
27784451
27687587
27576794
27813264
27681245
27095973
27515892
27494138
27732379
27502165
27034760
27300988
27535481
27108761
27121761
27389441
27618587
27027814
27223729
27879454
27825188
27577378
27494456
27332660
27218692
27300476
27151884
27217997
27955506
27896518
27777644
27788248
27422729
27408163
27573743
27935104
27184281
27636954
27940454
27052521
27987045
27445401
27385224
27055007
27359581
27380515
27054296
27894029
27635135
27508417
27299754
27994535
27928655
27322426
27403901
27938868
27731766
27885403
27651459
27345423
27295042
27161810
27029747
27817600
27148986
27975131
27942340
27062163
27549117
27692433
27575386
27425216
27527751
27383347
27186713
27462531
27994703
27913243
27444823
27652573
27828496
27001845
27688054
27600810
27545354
27551036
27452956
27892913
27222608
27144855
27252490
27801538
27732085
27112787
27246068
27019315
27961495
27900063
27746967
27811947
27001363
27006831
27981191
27876079
27604181
27508209
27072363
27925803
27299376
27701937
27490283
27589971
27131174
27153190
27176389
27649535
27567420
27667374
27664708
27216900
27729380
27253593
27910579
27952155
27759233
27813782
27968225
27893587
27840778
27766968
27161783
27359976
27630434
27357175
27544310
27569821
27090838
27757048
27605370
27778635
27135315
27453837
27549224
27142280
27603307
27556194
27749025
27512343
27003110
27466623
27950210
27190390
27087881
27889274
27049208
27706488
27549404
27532660
27841848
27079066
27309702
27669737
27642234
27704984
27250427
27743229
27729315
27864706
27618247
27829742
27451729
27404117
27234025
27210093
27028542
27188482
27080520
27600178
27786999
27842198
27318525
27126486
27184507
27136604
27347124
27528721
27683691
27341992
27056518
27845448
27471257
27328361
27893673
27151085
27181696
27038267
27417967
27792046
27045783
27339968
27546250
27665492
27468577
27954452
27751759
27254421
27121158
27061602
27422590
27879337
27430023
27533294
27777534
27013585
27212207
27935205
27997173
27656911
27636237
27427741
27364249
27290147
27784340
27069212
27843005
27047052
27632978
27884883
27090833
27705209
27535647
27852123
27991623
27216344
27081433
27993089
27082548
27877816
27542483
27254176
27048357
27288154
27341848
27390089
27110443
27673428
27726867
27038383
27815787
27567934
27595506
27966176
27476129
27805198
27330508
27460483
27755637
27368212
27448293
27731025
27381698
27516209
27804494
27742246
27508992
27143256
27522282
27369476
27331934
27888673
27820401
27025637
27988559
27345550
27241960
27648898
27840869
27066816
27735103
27096558
27320666
27175621
27554034
27887654
27297700
27414134
27474779
27875849
27441285
27493401
27647614
27616280
27482513
27687061
27747929
27103686
27384868
27283076
27720962
27688561
27380901
27349385
27617580
27530497
27287484
27738996
27261339
27792067
27014164
27062690
27659240
27688909
27113537
27129968
27171542
27088343
27467689
27933113
27871247
27004871
27477469
27020053
27578297
27543237
27111773
27339787
27636619
27036014
27754151
27984059
27691996
27214764
27345092
27733164
27835522
27449303
27120476
27782815
27067594
27481843
27809976
27381551
27880465
27464472
27491458
27511379
27383464
27928880
27144554
27841837
27420333
27622285
27803683
27174829
27311449
27583302
27507711
27037854
27818904
27218790
27969210
27202699
27998635
27586483
27660835
27867504
27336399
27786648
27099611
27311028
27561534
27315270
27805276
27366621
27094320
27080826
27031916
27926936
27350143
27324851
27732944
27990542
27449030
27614682
27088177
27584279
27403442
27023395
27102185
27535161
27965873
27990433
27267455
27299703
27125949
27338249
27754628
27597001
27004029
27650964
27403096
27451527
27562204
27979492
27275233
27468343
27692183
27356249
27407891
27911444
27155533
27560529
27945614
27568482
27297876
27299944
27297863
27838305
27725876
27709977
27566331
27297264
27731295
27459739
27215473
27808711
27761198
27751513
27573407
27636480
27072059
27318067
27490456
27587902
27050649
27712622
27628271
27843346
27295480
27057527
27799698
27596523
27554275
27955327
27131081
27575964
27014818
27309149
27333240
27210163
27870309
27562214
27844212
27858812
27542846
27671085
27463168
27668385
27157525
27626210
27444442